visual
00000000
00000001
00000010
00000016
00000036


skip/break
00000048
00000560
00000700
00000978
00000414
00003483
00001996
00002501
00002550
00005587
00003087
00003094
00005410
00006679
00006741
00006747
00008287
00007501
00008660
00009272
00007744
00003752
00000730
00005641
00005642
00007894
00003902
00003946
00000959
00005687
00005986
00005987
00005988
00005759
00000988
00000787
00005760
00000790
00005786


asserts/tests
00005605 (halfedge duplicate?)
00008836 (halfedge duplicate?)
00004394
00002502
00000533
00005594


without conversion problems
00001022 
00008001
00008026
00006087
00006095
00006096
00006099
00008030
00000046
00002076
00004197
00005281
00000084
00009261
00008080
00006157
00005523
00004233
00005549
00007010
00002337
00001076
00000195
00003140
00000434
00002395
00006248
00009522
00007561
00006297
00004272
00000997
00001941
00005593
00008821
00008822
